The First 300 Prime Numbers --- Page 1
         2       233       547       877
         3       239       557       881
         5       241       563       883
         7       251       569       887
        11       257       571       907
        13       263       577       911
        17       269       587       919
        19       271       593       929
        23       277       599       937
        29       281       601       941
        31       283       607       947
        37       293       613       953
        41       307       617       967
        43       311       619       971
        47       313       631       977
        53       317       641       983
        59       331       643       991
        61       337       647       997
        67       347       653      1009
        71       349       659      1013
        73       353       661      1019
        79       359       673      1021
        83       367       677      1031
        89       373       683      1033
        97       379       691      1039
       101       383       701      1049
       103       389       709      1051
       107       397       719      1061
       109       401       727      1063
       113       409       733      1069
       127       419       739      1087
       131       421       743      1091
       137       431       751      1093
       139       433       757      1097
       149       439       761      1103
       151       443       769      1109
       157       449       773      1117
       163       457       787      1123
       167       461       797      1129
       173       463       809      1151
       179       467       811      1153
       181       479       821      1163
       191       487       823      1171
       193       491       827      1181
       197       499       829      1187
       199       503       839      1193
       211       509       853      1201
       223       521       857      1213
       227       523       859      1217
       229       541       863      1223

The First 300 Prime Numbers --- Page 2
      1229      1597
      1231      1601
      1237      1607
      1249      1609
      1259      1613
      1277      1619
      1279      1621
      1283      1627
      1289      1637
      1291      1657
      1297      1663
      1301      1667
      1303      1669
      1307      1693
      1319      1697
      1321      1699
      1327      1709
      1361      1721
      1367      1723
      1373      1733
      1381      1741
      1399      1747
      1409      1753
      1423      1759
      1427      1777
      1429      1783
      1433      1787
      1439      1789
      1447      1801
      1451      1811
      1453      1823
      1459      1831
      1471      1847
      1481      1861
      1483      1867
      1487      1871
      1489      1873
      1493      1877
      1499      1879
      1511      1889
      1523      1901
      1531      1907
      1543      1913
      1549      1931
      1553      1933
      1559      1949
      1567      1951
      1571      1973
      1579      1979
      1583      1987

